0.2154781494140625
0.2442085693359375
0.21068974609375
0.24181436767578124
0.20829554443359374
0.24181436767578124
0.2154781494140625
0.2609679809570312
0.22505495605468748
0.3016694091796875
0.22026655273437498
0.21787235107421873
0.22505495605468748
0.20350714111328125
0.20350714111328125
0.1867477294921875
0.1867477294921875
0.21787235107421873
0.1197100830078125
0.22505495605468748
0.15562310791015624
0.22505495605468748
0.24899697265624998
0.19871873779296872
0.16280571289062498
0.13407529296874998
0.22266075439453123
0.201112939453125
0.19632453613281248
0.181959326171875
0.21068974609375
0.2920926025390625
0.2154781494140625
0.19632453613281248
0.23702596435546874
0.143652099609375
0.17956512451171874
0.21308394775390624
0.20350714111328125
0.22744915771484372
0.181959326171875
0.17477672119140625
0.30406361083984373
0.13646949462890623
0.22744915771484372
0.22266075439453123
0.23702596435546874
0.24181436767578124
0.2059013427734375
0.19632453613281248
0.11252747802734374
0.22744915771484372
0.22744915771484372
0.21308394775390624
0.21308394775390624
0.19871873779296872
0.23223756103515625
0.24899697265624998
0.19153613281249998
0.20350714111328125
0.16519991455078123
0.181959326171875
0.19393033447265623
0.19153613281249998
0.23223756103515625
0.22266075439453123
0.2561795776367187
0.19393033447265623
0.23702596435546874
0.2059013427734375
0.181959326171875
0.2154781494140625
0.20829554443359374
0.16759411621093748
0.16759411621093748
0.181959326171875
0.19153613281249998
0.19632453613281248
0.16998831787109375
0.19871873779296872
0.23223756103515625
0.2609679809570312
0.1388636962890625
0.15562310791015624
0.1580173095703125
0.21308394775390624
0.181959326171875
0.2154781494140625
0.22505495605468748
0.20829554443359374
0.20829554443359374
0.22266075439453123
0.21308394775390624
0.28012159423828126
0.21787235107421873
0.2561795776367187
0.2705447875976562
0.143652099609375
0.24660277099609373
0.229843359375
0.17956512451171874
0.17956512451171874
0.2561795776367187
0.19393033447265623
0.19632453613281248
0.201112939453125
0.16519991455078123
0.2537853759765625
0.23223756103515625
0.21308394775390624
0.23702596435546874
0.16998831787109375
0.2059013427734375
0.16519991455078123
0.17238251953125
0.22026655273437498
0.21308394775390624
0.20350714111328125
0.22266075439453123
0.181959326171875
0.18914193115234373
0.17956512451171874
0.229843359375
0.16519991455078123
0.181959326171875
0.1771709228515625
0.229843359375
0.21308394775390624
0.16519991455078123
0.19153613281249998
0.23702596435546874
0.20829554443359374
0.22266075439453123
0.2609679809570312
0.2657563842773437
0.2609679809570312
0.181959326171875
0.201112939453125
0.2920926025390625
0.19632453613281248
0.18435352783203124
0.21308394775390624
0.02154781494140625
0.16041151123046873
0.1771709228515625
0.21787235107421873
0.201112939453125
0.1867477294921875
0.17238251953125
0.07422025146484375
0.23223756103515625
0.19871873779296872
0.2825157958984375
0.15562310791015624
0.1867477294921875
0.21787235107421873
0.17956512451171874
0.24899697265624998
0.22026655273437498
0.0383072265625
0.21787235107421873
0.19153613281249998
0.19632453613281248
0.22266075439453123
0.15083470458984374
0.22505495605468748
0.143652099609375
0.22266075439453123
0.229843359375
0.20350714111328125
0.2561795776367187
0.1867477294921875
0.16998831787109375
0.18914193115234373
0.21787235107421873
0.19393033447265623
0.23223756103515625
0.18914193115234373
0.19632453613281248
0.16519991455078123
0.22505495605468748
0.239420166015625
0.17956512451171874
0.23702596435546874
0.17956512451171874
0.201112939453125
0.19153613281249998
0.229843359375
0.1580173095703125
0.21787235107421873
0.16759411621093748
0.19153613281249998
0.22505495605468748
0.1867477294921875
0.2346317626953125
0.1388636962890625
0.20350714111328125
0.26336218261718747
0.19871873779296872
0.22505495605468748
0.17477672119140625
0.22505495605468748
0.20829554443359374
0.239420166015625
0.22744915771484372
0.19871873779296872
0.1867477294921875
0.21308394775390624
0.2059013427734375
0.2920926025390625
0.21068974609375
0.20350714111328125
0.2154781494140625
0.296881005859375
0.24899697265624998
0.23702596435546874
0.2346317626953125
0.13407529296874998
0.16041151123046873
0.1771709228515625
0.19153613281249998
0.20350714111328125
0.1867477294921875
0.1867477294921875
0.22744915771484372
0.2561795776367187
0.24181436767578124
0.15562310791015624
0.28012159423828126
0.23702596435546874
0.2154781494140625
0.21308394775390624
0.2059013427734375
0.1867477294921875
0.22026655273437498
0.21308394775390624
0.16041151123046873
0.20350714111328125
0.2442085693359375
0.30406361083984373
0.16759411621093748
0.22505495605468748
0.18435352783203124
0.22026655273437498
0.26336218261718747
0.24181436767578124
0.17238251953125
0.19871873779296872
0.033518823242187495
0.2657563842773437
0.25139117431640623
0.2059013427734375
0.22266075439453123
0.24660277099609373
0.16041151123046873
0.30406361083984373
0.19871873779296872
0.26815058593749996
0.20829554443359374
0.239420166015625
0.22266075439453123
0.2825157958984375
0.2537853759765625
0.23223756103515625
0.201112939453125
0.21068974609375
0.19393033447265623
0.23223756103515625
0.07422025146484375
0.21787235107421873
0.23223756103515625
0.23223756103515625
0.181959326171875
0.2346317626953125
0.18914193115234373
0.22026655273437498
0.19393033447265623
0.22744915771484372
0.2537853759765625
0.13168109130859373
0.2537853759765625
0.18914193115234373
0.16519991455078123
0.24899697265624998
0.19393033447265623
0.2059013427734375
0.2059013427734375
0.2442085693359375
0.20350714111328125
0.22266075439453123
0.24181436767578124
0.19153613281249998
0.05985504150390625
0.229843359375
0.22744915771484372
0.16759411621093748
0.22026655273437498
0.201112939453125
0.2154781494140625
0.16998831787109375
0.16998831787109375
0.28969840087890625
0.1867477294921875
0.21308394775390624
0.24899697265624998
0.3016694091796875
0.00718260498046875
0.21068974609375
0.21787235107421873
0.2154781494140625
0.2346317626953125
0.24899697265624998
0.296881005859375
0.20350714111328125
0.19153613281249998
0.12449848632812499
0.21068974609375
0.25139117431640623
0.229843359375
0.18914193115234373
0.2346317626953125
0.16280571289062498
0.18435352783203124
0.1388636962890625
0.2537853759765625
0.19393033447265623
0.10773907470703124
0.2609679809570312
0.2154781494140625
0.229843359375
0.2346317626953125
0.20829554443359374
0.14125789794921875
0.258573779296875
0.2154781494140625
0.1867477294921875
0.19871873779296872
0.16280571289062498
0.181959326171875
0.2442085693359375
0.20829554443359374
0.14604630126953125
0.17477672119140625
0.21787235107421873
0.2657563842773437
0.2154781494140625
0.1771709228515625
0.19632453613281248
0.1867477294921875
0.16519991455078123
0.277727392578125
0.4333505004882812
0.15562310791015624
0.16519991455078123
0.2154781494140625
0.2920926025390625
0.3280056274414062
0.15322890625
0.19153613281249998
0.26336218261718747
0.25139117431640623
0.16041151123046873
0.2442085693359375
0.18435352783203124
0.18435352783203124
0.20829554443359374
0.23223756103515625
0.17956512451171874
0.2561795776367187
0.2753331909179687
0.2059013427734375
0.16998831787109375
0.22505495605468748
0.18435352783203124
0.2561795776367187
0.19632453613281248
0.19632453613281248
0.21787235107421873
0.143652099609375
0.22266075439453123
0.19632453613281248
0.2561795776367187
0.20829554443359374
0.22744915771484372
0.047884033203124995
0.1867477294921875
0.18914193115234373
0.26336218261718747
0.181959326171875
0.15562310791015624
0.21068974609375
0.24660277099609373
0.201112939453125
0.19871873779296872
0.2154781494140625
0.239420166015625
