-0.05985504150390625
0.02154781494140625
-0.08379705810546874
-0.09816226806640624
-0.062249243164062495
0.011971008300781249
-0.06943184814453125
-0.06464344482421874
-0.0047884033203125
-0.086191259765625
-0.062249243164062495
-0.0383072265625
-0.143652099609375
0.12689268798828124
-0.028730419921875
-0.05985504150390625
-0.0047884033203125
-0.0430956298828125
-0.06703764648437499
-0.09816226806640624
-0.09337386474609374
-0.062249243164062495
-0.0430956298828125
-0.0383072265625
-0.047884033203124995
0.011971008300781249
-0.0383072265625
-0.009576806640625
-0.076614453125
-0.05746083984375
-0.011971008300781249
-0.0526724365234375
-0.06464344482421874
0.0143652099609375
-0.0526724365234375
-0.040701428222656245
-0.02154781494140625
-0.05027823486328125
-0.02154781494140625
-0.05746083984375
-0.06943184814453125
0.0047884033203125
-0.055066638183593745
-0.06703764648437499
-0.0383072265625
-0.07900865478515624
-0.040701428222656245
-0.06943184814453125
-0.055066638183593745
-0.1197100830078125
-0.00239420166015625
-0.07422025146484375
-0.076614453125
-0.01915361328125
-0.13646949462890623
-0.13407529296874998
-0.1484405029296875
-0.11252747802734374
-0.04548983154296875
-0.02633621826171875
-0.06703764648437499
-0.0526724365234375
-0.00718260498046875
-0.02154781494140625
-0.06943184814453125
-0.0430956298828125
-0.06943184814453125
-0.1292868896484375
-0.10295067138671875
-0.033518823242187495
-0.0526724365234375
-0.07422025146484375
-0.047884033203124995
-0.05746083984375
-0.06464344482421874
-0.031124621582031248
-0.02154781494140625
-0.055066638183593745
-0.062249243164062495
-0.07422025146484375
-0.04548983154296875
-0.0430956298828125
-0.09337386474609374
-0.0430956298828125
-0.04548983154296875
-0.02154781494140625
-0.09816226806640624
-0.08858546142578125
-0.02633621826171875
-0.01915361328125
-0.023942016601562498
-0.03591302490234375
-0.06943184814453125
-0.03591302490234375
-0.10295067138671875
-0.05985504150390625
-0.033518823242187495
-0.06464344482421874
-0.07900865478515624
-0.016759411621093748
-0.0718260498046875
0.00718260498046875
-0.047884033203124995
-0.04548983154296875
-0.00239420166015625
-0.040701428222656245
-0.076614453125
-0.07422025146484375
-0.062249243164062495
-0.04548983154296875
-0.11013327636718749
-0.05746083984375
-0.011971008300781249
-0.02633621826171875
-0.143652099609375
-0.023942016601562498
-0.055066638183593745
0.0
-0.0526724365234375
-0.05746083984375
-0.028730419921875
0.00718260498046875
-0.105344873046875
-0.08379705810546874
-0.0143652099609375
-0.07422025146484375
-0.055066638183593745
-0.01915361328125
-0.0909796630859375
-0.047884033203124995
-0.15322890625
-0.08858546142578125
-0.03591302490234375
-0.05985504150390625
-0.05027823486328125
-0.040701428222656245
-0.033518823242187495
-0.06464344482421874
-0.05985504150390625
-0.06703764648437499
0.02154781494140625
-0.05985504150390625
-0.040701428222656245
0.00239420166015625
-0.08379705810546874
-0.09816226806640624
-0.047884033203124995
-0.07422025146484375
-0.023942016601562498
0.062249243164062495
-0.143652099609375
-0.05985504150390625
0.011971008300781249
0.0
-0.02154781494140625
-0.016759411621093748
-0.08379705810546874
-0.055066638183593745
-0.07422025146484375
-0.047884033203124995
-0.06464344482421874
-0.0383072265625
-0.08379705810546874
-0.0143652099609375
-0.11731588134765625
-0.07422025146484375
-0.11013327636718749
0.13168109130859373
-0.031124621582031248
-0.040701428222656245
-0.047884033203124995
-0.0143652099609375
-0.0526724365234375
-0.08140285644531249
-0.08858546142578125
-0.033518823242187495
0.028730419921875
-0.0383072265625
-0.023942016601562498
-0.0047884033203125
-0.086191259765625
-0.0526724365234375
-0.04548983154296875
-0.0718260498046875
-0.06464344482421874
0.1149216796875
-0.055066638183593745
-0.062249243164062495
-0.06943184814453125
-0.062249243164062495
-0.0430956298828125
-0.06464344482421874
-0.076614453125
-0.0143652099609375
0.1484405029296875
-0.05985504150390625
-0.0526724365234375
-0.05746083984375
-0.06464344482421874
0.040701428222656245
-0.0143652099609375
0.0
-0.047884033203124995
-0.0526724365234375
-0.0526724365234375
0.09576806640624999
-0.07422025146484375
0.1292868896484375
-0.047884033203124995
-0.016759411621093748
-0.016759411621093748
-0.086191259765625
-0.076614453125
-0.08379705810546874
-0.047884033203124995
-0.0526724365234375
-0.11252747802734374
-0.011971008300781249
-0.08858546142578125
-0.06703764648437499
-0.028730419921875
-0.009576806640625
-0.028730419921875
-0.0526724365234375
-0.07422025146484375
0.009576806640625
-0.1484405029296875
-0.04548983154296875
-0.023942016601562498
-0.04548983154296875
-0.0526724365234375
0.08379705810546874
-0.00239420166015625
-0.047884033203124995
0.011971008300781249
-0.12210428466796874
-0.09337386474609374
-0.06703764648437499
-0.02633621826171875
-0.06464344482421874
-0.11252747802734374
-0.13407529296874998
-0.04548983154296875
-0.05027823486328125
-0.1388636962890625
-0.06464344482421874
-0.05985504150390625
-0.0047884033203125
-0.05027823486328125
0.14604630126953125
-0.06943184814453125
-0.06943184814453125
-0.016759411621093748
-0.05746083984375
-0.0526724365234375
-0.06943184814453125
-0.05746083984375
-0.06464344482421874
-0.03591302490234375
-0.040701428222656245
-0.03591302490234375
-0.0383072265625
0.01915361328125
-0.0526724365234375
-0.0526724365234375
-0.033518823242187495
-0.086191259765625
-0.028730419921875
-0.15322890625
-0.12210428466796874
-0.05985504150390625
0.009576806640625
-0.07422025146484375
-0.028730419921875
-0.016759411621093748
-0.031124621582031248
-0.01915361328125
-0.07900865478515624
-0.023942016601562498
-0.02633621826171875
-0.033518823242187495
-0.0526724365234375
-0.062249243164062495
-0.04548983154296875
-0.055066638183593745
-0.06464344482421874
-0.07422025146484375
-0.06464344482421874
-0.009576806640625
-0.08379705810546874
0.009576806640625
-0.0526724365234375
-0.028730419921875
0.0
-0.047884033203124995
-0.05027823486328125
-0.07422025146484375
-0.023942016601562498
-0.06703764648437499
0.0047884033203125
-0.09337386474609374
-0.076614453125
-0.0430956298828125
-0.05746083984375
-0.1005564697265625
0.011971008300781249
-0.00239420166015625
-0.07422025146484375
-0.011971008300781249
-0.08379705810546874
0.14125789794921875
-0.0718260498046875
-0.1484405029296875
-0.08858546142578125
-0.00718260498046875
-0.0526724365234375
-0.055066638183593745
-0.028730419921875
-0.0526724365234375
-0.0718260498046875
-0.016759411621093748
-0.0047884033203125
-0.047884033203124995
-0.040701428222656245
-0.086191259765625
0.033518823242187495
-0.18435352783203124
0.04548983154296875
-0.023942016601562498
0.033518823242187495
-0.06943184814453125
-0.08379705810546874
-0.1149216796875
0.01915361328125
-0.06464344482421874
-0.023942016601562498
-0.040701428222656245
-0.05027823486328125
-0.047884033203124995
-0.047884033203124995
-0.05985504150390625
-0.0909796630859375
-0.055066638183593745
0.11013327636718749
0.0
-0.033518823242187495
-0.033518823242187495
0.06464344482421874
-0.02633621826171875
-0.02633621826171875
-0.040701428222656245
-0.0143652099609375
-0.031124621582031248
-0.055066638183593745
-0.011971008300781249
-0.05027823486328125
-0.08379705810546874
-0.11013327636718749
-0.06703764648437499
-0.04548983154296875
0.009576806640625
-0.06943184814453125
0.00239420166015625
-0.06703764648437499
-0.031124621582031248
-0.0430956298828125
-0.055066638183593745
-0.00239420166015625
-0.0526724365234375
-0.062249243164062495
-0.06464344482421874
-0.09337386474609374
-0.0143652099609375
0.08379705810546874
-0.0909796630859375
-0.00239420166015625
-0.09576806640624999
-0.0430956298828125
-0.031124621582031248
-0.08858546142578125
-0.12210428466796874
-0.08379705810546874
-0.09337386474609374
-0.06703764648437499
-0.05746083984375
-0.016759411621093748
-0.02154781494140625
-0.055066638183593745
-0.06943184814453125
-0.07900865478515624
-0.06703764648437499
-0.0047884033203125
-0.00718260498046875
-0.05746083984375
-0.0383072265625
-0.15322890625
