9.241618408203124
9.205705383300781
9.258377819824219
9.246406811523437
9.236830004882812
9.294290844726563
9.315838659667968
9.30147344970703
9.267954626464844
9.162609753417968
9.217676391601563
9.33978067626953
9.220070593261719
9.26316622314453
9.165003955078124
9.246406811523437
9.248801013183593
9.267954626464844
9.253589416503905
9.284714038085937
9.22485899658203
9.270348828125
9.196128576660156
9.239224206542968
9.234435803222656
9.205705383300781
9.200916979980468
9.196128576660156
9.277531433105468
9.10993731689453
9.251195214843749
9.244012609863281
9.325415466308593
9.215282189941405
9.220070593261719
9.284714038085937
9.248801013183593
9.2320416015625
9.246406811523437
9.188945971679686
9.241618408203124
9.253589416503905
9.284714038085937
9.205705383300781
9.296685046386719
9.203311181640624
9.253589416503905
9.318232861328125
9.176974963378905
9.198522778320312
9.248801013183593
9.220070593261719
9.272743029785156
9.227253198242186
9.320627062988281
9.253589416503905
9.303867651367186
9.241618408203124
9.07163009033203
9.445125549316407
9.253589416503905
9.212887988281249
9.220070593261719
9.296685046386719
9.22485899658203
9.212887988281249
9.248801013183593
9.255983618164063
9.239224206542968
9.2320416015625
9.255983618164063
9.294290844726563
9.323021264648437
9.239224206542968
9.248801013183593
9.284714038085937
9.217676391601563
9.277531433105468
9.191340173339842
9.203311181640624
9.227253198242186
9.323021264648437
9.275137231445312
9.205705383300781
9.17458076171875
9.303867651367186
9.05965908203125
9.172186560058593
9.227253198242186
9.203311181640624
9.236830004882812
9.282319836425781
9.241618408203124
9.289502441406249
9.205705383300781
9.303867651367186
9.222464794921875
9.26316622314453
9.217676391601563
9.265560424804686
9.244012609863281
9.279925634765624
9.275137231445312
9.212887988281249
9.246406811523437
9.449913952636718
9.289502441406249
9.188945971679686
9.227253198242186
9.342174877929686
9.203311181640624
9.0788126953125
9.162609753417968
9.265560424804686
9.267954626464844
9.150638745117186
9.277531433105468
9.267954626464844
9.129090930175781
9.289502441406249
9.255983618164063
9.172186560058593
9.244012609863281
9.241618408203124
9.220070593261719
9.244012609863281
9.229647399902344
9.251195214843749
9.287108239746093
9.220070593261719
9.277531433105468
9.227253198242186
9.287108239746093
9.294290844726563
9.198522778320312
9.30147344970703
9.212887988281249
9.26316622314453
9.196128576660156
9.227253198242186
9.172186560058593
9.220070593261719
9.208099584960937
9.217676391601563
9.255983618164063
9.215282189941405
9.196128576660156
9.222464794921875
9.277531433105468
9.3852705078125
9.342174877929686
9.196128576660156
9.150638745117186
9.215282189941405
9.3086560546875
9.260772021484375
9.220070593261719
9.208099584960937
9.265560424804686
9.275137231445312
9.258377819824219
9.241618408203124
9.248801013183593
9.289502441406249
9.270348828125
9.234435803222656
9.215282189941405
9.244012609863281
9.239224206542968
9.315838659667968
9.246406811523437
9.117119921875
9.361328491210937
9.229647399902344
9.200916979980468
9.332598071289063
9.272743029785156
9.248801013183593
9.2320416015625
9.176974963378905
9.22485899658203
9.18655177001953
9.22485899658203
9.217676391601563
9.215282189941405
9.277531433105468
9.150638745117186
9.251195214843749
9.251195214843749
9.313444458007812
9.270348828125
9.198522778320312
9.265560424804686
9.198522778320312
9.251195214843749
9.241618408203124
9.165003955078124
9.246406811523437
9.255983618164063
9.289502441406249
9.2320416015625
9.188945971679686
9.234435803222656
9.239224206542968
9.26316622314453
9.107543115234375
9.188945971679686
9.260772021484375
9.265560424804686
9.184157568359375
9.162609753417968
9.255983618164063
9.105148913574219
9.1554271484375
9.244012609863281
9.215282189941405
9.244012609863281
9.272743029785156
9.282319836425781
9.234435803222656
9.303867651367186
9.208099584960937
9.277531433105468
9.169792358398437
9.236830004882812
9.255983618164063
9.200916979980468
9.210493786621093
9.323021264648437
9.275137231445312
9.22485899658203
9.342174877929686
9.208099584960937
9.277531433105468
9.320627062988281
9.234435803222656
9.246406811523437
9.296685046386719
9.287108239746093
9.279925634765624
9.244012609863281
9.277531433105468
9.26316622314453
9.18655177001953
9.327809667968749
9.267954626464844
9.239224206542968
9.172186560058593
9.2320416015625
9.306261853027344
9.22485899658203
9.255983618164063
9.344569079589844
9.234435803222656
9.244012609863281
9.234435803222656
9.2320416015625
9.313444458007812
9.193734375
9.246406811523437
9.241618408203124
9.227253198242186
9.162609753417968
9.251195214843749
9.246406811523437
9.244012609863281
9.188945971679686
9.272743029785156
9.311050256347656
9.227253198242186
9.215282189941405
9.282319836425781
9.246406811523437
9.200916979980468
9.081206896972656
9.239224206542968
9.265560424804686
9.176974963378905
9.253589416503905
9.296685046386719
9.323021264648437
9.327809667968749
9.157821350097656
9.205705383300781
9.193734375
9.26316622314453
9.22485899658203
9.042899670410156
9.126696728515624
9.279925634765624
9.272743029785156
9.289502441406249
9.303867651367186
9.2320416015625
9.2320416015625
9.212887988281249
9.277531433105468
9.255983618164063
9.248801013183593
9.3086560546875
9.193734375
9.282319836425781
9.303867651367186
9.289502441406249
9.205705383300781
9.26316622314453
9.260772021484375
9.253589416503905
9.246406811523437
9.210493786621093
9.203311181640624
9.145850341796875
9.270348828125
9.296685046386719
9.248801013183593
9.26316622314453
9.227253198242186
9.176974963378905
9.188945971679686
9.165003955078124
9.215282189941405
9.236830004882812
9.246406811523437
9.157821350097656
9.222464794921875
9.157821350097656
9.229647399902344
9.248801013183593
9.212887988281249
9.210493786621093
9.253589416503905
9.272743029785156
9.203311181640624
9.356540087890625
9.13627353515625
9.33978067626953
9.327809667968749
9.253589416503905
9.313444458007812
9.227253198242186
9.141061938476563
9.176974963378905
9.277531433105468
9.138667736816405
9.208099584960937
9.299079248046874
9.296685046386719
9.260772021484375
9.22485899658203
9.045293872070312
9.176974963378905
9.296685046386719
9.33978067626953
9.275137231445312
9.2320416015625
9.205705383300781
9.088389501953124
9.239224206542968
9.165003955078124
9.181763366699219
9.248801013183593
9.234435803222656
9.07163009033203
9.217676391601563
9.047688073730468
9.217676391601563
9.153032946777342
9.054870678710937
9.282319836425781
9.196128576660156
9.227253198242186
9.241618408203124
9.236830004882812
9.229647399902344
9.160215551757812
9.26316622314453
9.255983618164063
9.22485899658203
9.124302526855468
9.275137231445312
9.272743029785156
9.272743029785156
9.239224206542968
9.105148913574219
9.100360510253905
9.320627062988281
9.255983618164063
9.05965908203125
9.210493786621093
9.265560424804686
9.196128576660156
9.33978067626953
9.165003955078124
9.205705383300781
9.279925634765624
9.26316622314453
