0.5038167938931295
0.5267175572519065
0.5496183206106835
0.5954198473282446
0.4427480916030504
0.5801526717557266
0.5572519083969496
0.6412213740457986
0.3587786259542014
0.4580152671755755
0.6183206106870216
0.4961832061068705
0.6183206106870216
0.5190839694656475
0.6030534351145036
0.4274809160305324
0.6183206106870216
0.8015267175572518
0.7709923664122158
0.6946564885496187
0.6335877862595396
0.6030534351145036
0.7404580152671727
0.5343511450381655
0.4961832061068705
0.5648854961832086
0.5267175572519065
0.5725190839694676
0.3435114503816763
0.5419847328244245
0.4198473282442734
0.5954198473282446
0.6335877862595396
0.5496183206106835
0.5114503816793885
0.4809160305343525
0.6793893129771007
0.5572519083969496
0.5572519083969496
0.4045801526717554
0.6412213740457986
0.4427480916030504
0.5114503816793885
0.5801526717557266
0.5496183206106835
0.3893129770992374
0.5496183206106835
0.5114503816793885
0.6717557251908417
0.5877862595419856
0.6641221374045827
0.5877862595419856
0.6030534351145036
0.5954198473282446
0.4961832061068705
0.5725190839694676
0.6412213740457986
0.5877862595419856
0.5419847328244245
0.4961832061068705
0.6641221374045827
0.4503816793893165
0.5190839694656475
0.3587786259542014
0.3969465648854964
0.5496183206106835
0.4656488549618345
0.6488549618320576
0.6030534351145036
0.6488549618320576
0.6793893129771007
0.4427480916030504
0.6030534351145036
0.7099236641221367
0.4351145038167914
0.5267175572519065
0.4198473282442734
0.4198473282442734
0.4351145038167914
0.8091603053435108
0.5267175572519065
0.6106870229007626
0.5801526717557266
0.6412213740457986
0.4580152671755755
0.5496183206106835
0.6106870229007626
0.6030534351145036
0.6641221374045827
0.4122137404580144
0.6335877862595396
0.5343511450381655
0.3435114503816763
0.5954198473282446
0.6870229007633597
0.5725190839694676
0.6259541984732806
0.6870229007633597
0.4961832061068705
0.6335877862595396
0.6641221374045827
0.3664122137404604
0.4732824427480935
0.4656488549618345
0.4885496183206115
0.4732824427480935
0.6564885496183237
0.4809160305343525
0.6717557251908417
0.4580152671755755
0.4351145038167914
0.4809160305343525
0.6564885496183237
0.5725190839694676
0.6870229007633597
0.5343511450381655
0.6335877862595396
0.5954198473282446
0.5801526717557266
0.6106870229007626
0.7328244274809137
0.7175572519083957
0.7175572519083957
0.6030534351145036
0.6335877862595396
0.5038167938931295
0.4809160305343525
0.3816793893129784
0.7938931297709928
0.5419847328244245
0.6641221374045827
0.5954198473282446
0.4351145038167914
0.5419847328244245
0.6335877862595396
0.5267175572519065
0.5496183206106835
0.6183206106870216
0.7328244274809137
0.6412213740457986
0.5190839694656475
0.4351145038167914
0.4885496183206115
0.3740458015267194
0.6412213740457986
0.6641221374045827
0.5419847328244245
0.4503816793893165
0.6488549618320576
0.3587786259542014
0.5419847328244245
0.6564885496183237
0.4503816793893165
0.6793893129771007
0.5648854961832086
0.5267175572519065
0.8091603053435108
0.6946564885496187
0.5954198473282446
0.7099236641221367
0.6641221374045827
0.4045801526717554
0.6946564885496187
0.4656488549618345
0.5267175572519065
0.5648854961832086
0.6106870229007626
0.7175572519083957
0.7022900763358777
0.7862595419847338
0.5725190839694676
0.6870229007633597
0.5496183206106835
0.6412213740457986
0.5572519083969496
0.4198473282442734
0.5572519083969496
0.6259541984732806
0.5267175572519065
0.4122137404580144
0.2366412213740432
0.4885496183206115
0.5190839694656475
0.5877862595419856
0.5496183206106835
0.4885496183206115
0.4732824427480935
0.5725190839694676
0.5801526717557266
0.5190839694656475
0.6259541984732806
0.5114503816793885
0.7251908396946547
0.6946564885496187
0.5496183206106835
0.6259541984732806
0.5190839694656475
0.4580152671755755
0.5954198473282446
0.5725190839694676
0.4809160305343525
0.4656488549618345
0.5954198473282446
0.6946564885496187
0.5572519083969496
0.4732824427480935
0.5419847328244245
0.5572519083969496
0.3129770992366403
0.5419847328244245
0.4885496183206115
0.7404580152671727
0.4198473282442734
0.3511450381679424
0.6412213740457986
0.6641221374045827
0.4503816793893165
0.4198473282442734
0.7786259541984748
0.5419847328244245
0.4732824427480935
0.6641221374045827
0.5343511450381655
0.5419847328244245
0.6030534351145036
0.5572519083969496
0.6259541984732806
0.5648854961832086
0.5114503816793885
0.3893129770992374
0.5419847328244245
0.5572519083969496
0.7633587786259568
0.6641221374045827
0.6870229007633597
0.2900763358778633
0.4198473282442734
0.5801526717557266
0.6488549618320576
0.5114503816793885
0.5267175572519065
0.6870229007633597
0.5496183206106835
0.6488549618320576
0.7328244274809137
0.7938931297709928
0.4503816793893165
0.5954198473282446
0.4274809160305324
0.4656488549618345
0.4351145038167914
0.3664122137404604
0.6717557251908417
0.5496183206106835
0.4809160305343525
0.3053435114503813
0.6183206106870216
0.6564885496183237
0.5190839694656475
0.6793893129771007
0.5496183206106835
0.6564885496183237
0.6259541984732806
0.7404580152671727
0.5877862595419856
0.6488549618320576
0.7786259541984748
0.5954198473282446
0.6183206106870216
0.7099236641221367
0.5496183206106835
0.5877862595419856
0.6106870229007626
0.5954198473282446
0.6030534351145036
0.6106870229007626
0.6793893129771007
0.4503816793893165
0.3816793893129784
0.6030534351145036
0.4274809160305324
0.6183206106870216
0.7251908396946547
0.6335877862595396
0.4809160305343525
0.4656488549618345
0.6183206106870216
0.7480916030534317
0.5114503816793885
0.6412213740457986
0.4656488549618345
0.5114503816793885
0.5496183206106835
0.5496183206106835
0.7633587786259568
0.5038167938931295
0.5114503816793885
0.5419847328244245
0.4885496183206115
0.3893129770992374
0.5190839694656475
0.5801526717557266
0.4961832061068705
0.5343511450381655
0.5496183206106835
0.4045801526717554
0.6259541984732806
0.5038167938931295
0.5190839694656475
0.3282442748091583
0.5725190839694676
0.6106870229007626
0.6717557251908417
0.8091603053435108
0.5190839694656475
0.6870229007633597
0.6030534351145036
0.6717557251908417
0.5954198473282446
0.4503816793893165
0.6412213740457986
0.5954198473282446
0.7404580152671727
0.6412213740457986
0.6870229007633597
0.4503816793893165
0.4809160305343525
0.4809160305343525
0.5038167938931295
0.6412213740457986
0.5114503816793885
0.3282442748091583
0.5190839694656475
0.5954198473282446
0.5343511450381655
0.6412213740457986
0.5190839694656475
0.5496183206106835
0.4198473282442734
0.5725190839694676
0.5496183206106835
0.5572519083969496
0.5572519083969496
0.6793893129771007
0.6564885496183237
0.4656488549618345
0.5038167938931295
0.6717557251908417
0.6030534351145036
0.4274809160305324
0.6335877862595396
0.4580152671755755
0.8549618320610719
0.6106870229007626
0.5877862595419856
0.4045801526717554
0.5114503816793885
0.2671755725190863
0.2748091603053453
0.5801526717557266
0.6412213740457986
0.6106870229007626
0.4580152671755755
0.6106870229007626
0.6259541984732806
0.4503816793893165
0.6870229007633597
0.4198473282442734
0.5954198473282446
0.4580152671755755
0.6412213740457986
0.6564885496183237
0.6259541984732806
0.5954198473282446
0.6030534351145036
0.3206106870228993
0.4885496183206115
0.5190839694656475
0.4351145038167914
0.5038167938931295
0.6030534351145036
0.6717557251908417
0.6793893129771007
0.5801526717557266
0.5648854961832086
0.6564885496183237
0.7404580152671727
0.4045801526717554
0.6564885496183237
0.6946564885496187
0.4122137404580144
0.6870229007633597
0.6335877862595396
0.4580152671755755
0.7557251908396978
0.6030534351145036
