-1.4809160305343512
-1.450381679389313
-1.4351145038167938
-1.4885496183206106
-1.2748091603053435
-1.3282442748091603
-1.4351145038167938
-1.6259541984732824
-1.6106870229007633
-1.4961832061068703
-1.3893129770992367
-1.450381679389313
-1.2366412213740459
-1.5801526717557253
-1.297709923664122
-1.4351145038167938
-1.5648854961832062
-1.4274809160305344
-1.4351145038167938
-1.534351145038168
-1.5267175572519085
-1.366412213740458
-1.4198473282442747
-0.9694656488549618
-1.3282442748091603
-1.4427480916030535
-1.549618320610687
-1.3511450381679388
-1.465648854961832
-1.0763358778625953
-1.2366412213740459
-1.213740458015267
-1.4198473282442747
-1.3969465648854962
-1.4274809160305344
-1.4732824427480915
-1.534351145038168
-1.702290076335878
-1.4961832061068703
-1.3587786259541985
-1.4351145038167938
-1.6412213740458015
-1.4351145038167938
-1.6412213740458015
-1.2748091603053435
-1.3587786259541985
-1.6259541984732824
-1.4045801526717556
-1.3893129770992367
-1.6106870229007633
-1.5114503816793894
-1.4198473282442747
-1.2900763358778626
-1.6793893129770991
-1.366412213740458
-1.4427480916030535
-1.5419847328244274
-1.450381679389313
-1.3206106870229009
-1.4809160305343512
-1.3358778625954197
-1.6106870229007633
-1.3129770992366412
-1.3053435114503817
-1.2442748091603053
-1.5038167938931297
-1.4809160305343512
-1.7099236641221374
-1.6030534351145038
-1.2671755725190839
-1.2595419847328244
-1.4732824427480915
-1.4122137404580153
-1.4045801526717556
-1.4885496183206106
-1.5419847328244274
-1.6564885496183206
-1.2061068702290076
-1.5038167938931297
-1.6412213740458015
-1.4809160305343512
-1.6412213740458015
-1.5114503816793894
-1.6793893129770991
-1.4427480916030535
-1.3893129770992367
-1.5267175572519085
-1.2366412213740459
-1.3587786259541985
-1.5801526717557253
-1.549618320610687
-1.3740458015267176
-1.5419847328244274
-1.5801526717557253
-1.4885496183206106
-1.183206106870229
-1.5725190839694656
-1.4580152671755726
-1.282442748091603
-1.3053435114503817
-1.4885496183206106
-1.2671755725190839
-1.3969465648854962
-1.450381679389313
-1.3511450381679388
-1.5954198473282444
-1.3511450381679388
-1.1450381679389312
-1.297709923664122
-1.6641221374045803
-1.6106870229007633
-1.465648854961832
-1.5190839694656488
-1.4274809160305344
-1.7099236641221374
-1.6564885496183206
-1.5725190839694656
-1.5877862595419847
-1.4809160305343512
-1.6412213740458015
-1.4961832061068703
-1.5267175572519085
-1.5419847328244274
-1.5267175572519085
-1.534351145038168
-1.6259541984732824
-1.4732824427480915
-1.4274809160305344
-1.3358778625954197
-1.549618320610687
-1.251908396946565
-1.4580152671755726
-1.1603053435114503
-1.6030534351145038
-1.4274809160305344
-1.282442748091603
-1.748091603053435
-1.3893129770992367
-1.465648854961832
-1.3282442748091603
-1.3435114503816794
-1.5801526717557253
-1.297709923664122
-1.5648854961832062
-1.297709923664122
-1.4122137404580153
-1.6030534351145038
-1.4045801526717556
-1.4122137404580153
-1.534351145038168
-1.3511450381679388
-1.381679389312977
-1.3206106870229009
-1.549618320610687
-1.7786259541984732
-1.4045801526717556
-1.282442748091603
-1.6106870229007633
-1.1221374045801527
-1.702290076335878
-1.717557251908397
-1.3893129770992367
-1.4351145038167938
-1.5801526717557253
-1.5725190839694656
-1.5267175572519085
-1.2366412213740459
-1.4198473282442747
-1.6717557251908397
-1.4274809160305344
-1.213740458015267
-1.549618320610687
-1.6946564885496183
-1.5877862595419847
-1.3511450381679388
-1.4045801526717556
-1.7633587786259541
-1.6106870229007633
-1.549618320610687
-1.282442748091603
-1.3969465648854962
-1.3358778625954197
-1.4198473282442747
-1.3053435114503817
-1.6106870229007633
-1.381679389312977
-1.3053435114503817
-1.3893129770992367
-1.3587786259541985
-1.465648854961832
-1.465648854961832
-1.366412213740458
-1.2213740458015268
-1.2595419847328244
-1.5648854961832062
-1.5038167938931297
-1.3435114503816794
-1.4122137404580153
-1.4809160305343512
-1.6870229007633588
-1.4045801526717556
-1.5114503816793894
-1.3358778625954197
-1.381679389312977
-1.5725190839694656
-1.534351145038168
-1.4351145038167938
-1.5572519083969465
-1.5419847328244274
-1.465648854961832
-1.4198473282442747
-1.4809160305343512
-1.5725190839694656
-1.2442748091603053
-1.618320610687023
-1.4045801526717556
-1.3969465648854962
-1.5648854961832062
-1.4885496183206106
-1.4198473282442747
-1.5190839694656488
-1.2366412213740459
-1.3893129770992367
-1.4274809160305344
-1.6030534351145038
-1.4274809160305344
-1.5114503816793894
-1.5190839694656488
-1.7328244274809161
-1.3282442748091603
-1.4580152671755726
-1.549618320610687
-1.3435114503816794
-1.4198473282442747
-1.6106870229007633
-1.465648854961832
-1.4198473282442747
-1.534351145038168
-1.4045801526717556
-1.1755725190839694
-1.5572519083969465
-1.5648854961832062
-1.4198473282442747
-1.4351145038167938
-1.4809160305343512
-1.4198473282442747
-1.3206106870229009
-1.549618320610687
-1.297709923664122
-1.1755725190839694
-1.2442748091603053
-1.4580152671755726
-1.381679389312977
-1.4885496183206106
-1.6946564885496183
-1.5877862595419847
-1.717557251908397
-1.4732824427480915
-1.5648854961832062
-1.381679389312977
-1.4427480916030535
-1.2900763358778626
-1.5419847328244274
-1.5419847328244274
-1.4885496183206106
-1.5725190839694656
-1.5877862595419847
-1.4198473282442747
-1.2213740458015268
-1.6641221374045803
-1.6030534351145038
-1.0305343511450382
-1.381679389312977
-1.4122137404580153
-1.1755725190839694
-1.3129770992366412
-1.4198473282442747
-1.4122137404580153
-1.5114503816793894
-1.4885496183206106
-1.450381679389313
-1.6564885496183206
-1.549618320610687
-1.1984732824427482
-1.5267175572519085
-1.3587786259541985
-1.4732824427480915
-1.3129770992366412
-1.3358778625954197
-1.2671755725190839
-1.4885496183206106
-1.4732824427480915
-1.3053435114503817
-1.5572519083969465
-1.6412213740458015
-1.5114503816793894
-1.4045801526717556
-1.4351145038167938
-1.465648854961832
-0.8015267175572519
-1.633587786259542
-1.1755725190839694
-1.5572519083969465
-1.4198473282442747
-1.3740458015267176
-1.4580152671755726
-1.4732824427480915
-1.4045801526717556
-1.3587786259541985
-1.2748091603053435
-1.8625954198473282
-1.282442748091603
-1.8625954198473282
-1.5190839694656488
-1.381679389312977
-1.534351145038168
-1.366412213740458
-1.702290076335878
-1.6870229007633588
-1.2748091603053435
-1.4274809160305344
-1.465648854961832
-1.702290076335878
-1.4885496183206106
-1.3282442748091603
-1.465648854961832
-1.251908396946565
-1.2290076335877862
-1.4732824427480915
-1.5725190839694656
-1.465648854961832
-1.450381679389313
-1.633587786259542
-1.1450381679389312
-1.4885496183206106
-1.3435114503816794
-1.3969465648854962
-1.3511450381679388
-1.381679389312977
-1.4961832061068703
-1.4274809160305344
-1.8473282442748091
-1.3587786259541985
-1.6030534351145038
-1.282442748091603
-1.7633587786259541
-1.3206106870229009
-1.4885496183206106
-1.7251908396946565
-1.4427480916030535
-1.6870229007633588
-1.465648854961832
-1.3053435114503817
-1.5648854961832062
-1.3282442748091603
-1.5114503816793894
-1.0610687022900764
-1.282442748091603
-1.4961832061068703
-1.3358778625954197
-1.3358778625954197
-1.4809160305343512
-1.5648854961832062
-1.4045801526717556
-1.251908396946565
-1.6641221374045803
-1.6870229007633588
-1.366412213740458
-1.3129770992366412
-1.4732824427480915
-1.7557251908396947
-1.297709923664122
-1.2061068702290076
-1.1755725190839694
-1.381679389312977
-1.4427480916030535
-1.6259541984732824
-1.4122137404580153
-1.4580152671755726
-1.6259541984732824
-1.4274809160305344
-1.3129770992366412
-1.5648854961832062
-1.3206106870229009
-1.1297709923664123
-1.5954198473282444
-1.3969465648854962
-1.4809160305343512
-1.3282442748091603
-1.5267175572519085
-1.4351145038167938
-1.5877862595419847
-1.5267175572519085
-1.5038167938931297
-1.6106870229007633
-1.4732824427480915
