0.08396946564885496
0.22137404580152673
0.21374045801526717
0.05343511450381679
0.0916030534351145
0.2748091603053435
0.22137404580152673
0.16030534351145037
0.1297709923664122
0.1450381679389313
0.26717557251908397
0.022900763358778626
0.08396946564885496
0.2595419847328244
0.2748091603053435
0.09923664122137404
0.22137404580152673
0.007633587786259542
0.1297709923664122
0.12213740458015267
0.1297709923664122
0.22137404580152673
0.22137404580152673
0.17557251908396945
0.2366412213740458
0.16793893129770993
0.25190839694656486
0.030534351145038167
0.05343511450381679
0.11450381679389313
0.22900763358778625
0.030534351145038167
0.10687022900763359
0.022900763358778626
0.11450381679389313
0.061068702290076333
0.007633587786259542
0.22137404580152673
0.06870229007633588
0.08396946564885496
0.16030534351145037
0.09923664122137404
0.1297709923664122
0.16793893129770993
0.09923664122137404
0.21374045801526717
0.1297709923664122
0.04580152671755725
0.10687022900763359
0.2366412213740458
0.12213740458015267
0.3282442748091603
0.10687022900763359
0.22900763358778625
-0.12213740458015267
0.0916030534351145
0.1297709923664122
0.09923664122137404
0.06870229007633588
0.19083969465648856
0.07633587786259542
0.11450381679389313
1.8702290076335877
0.19083969465648856
0.13740458015267176
0.06870229007633588
0.1450381679389313
0.030534351145038167
0.3282442748091603
0.1984732824427481
0.21374045801526717
1.9312977099236641
0.08396946564885496
0.12213740458015267
0.183206106870229
0.1297709923664122
0.21374045801526717
0.09923664122137404
0.1984732824427481
0.061068702290076333
0.11450381679389313
0.35877862595419846
0.12213740458015267
0.16793893129770993
0.16030534351145037
0.20610687022900764
0.0916030534351145
0.07633587786259542
0.2366412213740458
0.04580152671755725
0.11450381679389313
0.2748091603053435
0.1984732824427481
-1.900763358778626
0.12213740458015267
0.183206106870229
0.2824427480916031
0.13740458015267176
0.061068702290076333
0.1984732824427481
-1.8702290076335877
0.26717557251908397
0.11450381679389313
0.16030534351145037
0.12213740458015267
0.10687022900763359
0.1450381679389313
0.16030534351145037
0.1984732824427481
0.16793893129770993
0.022900763358778626
0.2595419847328244
0.2366412213740458
0.05343511450381679
0.2748091603053435
0.08396946564885496
0.03816793893129771
0.0916030534351145
0.1984732824427481
0.03816793893129771
0.21374045801526717
0.16030534351145037
0.11450381679389313
0.13740458015267176
0.33587786259541985
0.030534351145038167
0.015267175572519083
0.15267175572519084
1.9465648854961832
0.183206106870229
0.20610687022900764
0.16030534351145037
0.0916030534351145
0.007633587786259542
0.11450381679389313
-1.9083969465648856
0.13740458015267176
0.2595419847328244
0.2366412213740458
0.0
0.31297709923664124
0.183206106870229
0.1984732824427481
0.12213740458015267
0.22137404580152673
0.16030534351145037
0.26717557251908397
0.06870229007633588
0.13740458015267176
0.05343511450381679
0.3053435114503817
-0.030534351145038167
0.1450381679389313
0.2900763358778626
0.21374045801526717
-1.9236641221374047
0.26717557251908397
0.19083969465648856
0.1297709923664122
0.06870229007633588
0.15267175572519084
-0.022900763358778626
0.10687022900763359
-0.015267175572519083
0.1297709923664122
0.25190839694656486
0.05343511450381679
0.1297709923664122
0.2366412213740458
0.06870229007633588
0.0916030534351145
0.07633587786259542
0.16793893129770993
0.07633587786259542
0.030534351145038167
0.29770992366412213
0.17557251908396945
0.08396946564885496
-1.8244274809160306
0.20610687022900764
-0.007633587786259542
1.9389312977099236
0.09923664122137404
0.2595419847328244
0.25190839694656486
0.183206106870229
0.16030534351145037
-1.8854961832061068
0.17557251908396945
-0.04580152671755725
1.9236641221374047
0.2595419847328244
0.06870229007633588
0.09923664122137404
0.17557251908396945
0.11450381679389313
0.0916030534351145
0.29770992366412213
1.9465648854961832
0.13740458015267176
0.15267175572519084
0.06870229007633588
0.22137404580152673
0.2748091603053435
0.20610687022900764
0.03816793893129771
-1.9465648854961832
0.16793893129770993
0.1984732824427481
0.25190839694656486
0.26717557251908397
0.183206106870229
-0.05343511450381679
0.1450381679389313
0.32061068702290074
0.24427480916030533
0.22137404580152673
0.20610687022900764
0.022900763358778626
0.22137404580152673
0.1984732824427481
0.12213740458015267
0.05343511450381679
0.21374045801526717
0.12213740458015267
0.19083969465648856
0.19083969465648856
0.06870229007633588
0.2748091603053435
0.1450381679389313
0.09923664122137404
0.19083969465648856
-0.061068702290076333
0.25190839694656486
0.24427480916030533
0.16793893129770993
0.10687022900763359
0.1984732824427481
0.2366412213740458
0.22900763358778625
0.030534351145038167
1.9236641221374047
0.061068702290076333
0.10687022900763359
1.9465648854961832
0.2595419847328244
0.04580152671755725
0.19083969465648856
0.2366412213740458
0.3816793893129771
0.2824427480916031
0.22137404580152673
0.1450381679389313
0.21374045801526717
0.1450381679389313
-0.13740458015267176
0.015267175572519083
0.16793893129770993
0.183206106870229
0.20610687022900764
0.1297709923664122
0.03816793893129771
0.15267175572519084
-0.06870229007633588
0.2748091603053435
0.12213740458015267
0.3053435114503817
0.2824427480916031
0.16030534351145037
-0.09923664122137404
0.12213740458015267
0.183206106870229
0.03816793893129771
0.1297709923664122
0.07633587786259542
0.24427480916030533
0.22137404580152673
-0.030534351145038167
0.26717557251908397
0.0916030534351145
0.2366412213740458
0.061068702290076333
0.17557251908396945
0.13740458015267176
0.3053435114503817
0.20610687022900764
0.061068702290076333
0.07633587786259542
0.20610687022900764
0.1984732824427481
0.16030534351145037
0.16030534351145037
0.06870229007633588
0.15267175572519084
0.0916030534351145
0.09923664122137404
0.15267175572519084
0.20610687022900764
0.2595419847328244
0.0916030534351145
0.05343511450381679
0.13740458015267176
0.16793893129770993
0.09923664122137404
0.08396946564885496
0.12213740458015267
0.2748091603053435
0.030534351145038167
0.2366412213740458
0.11450381679389313
0.09923664122137404
0.0916030534351145
0.17557251908396945
0.12213740458015267
0.13740458015267176
0.2900763358778626
0.22137404580152673
0.2900763358778626
-1.9083969465648856
0.1450381679389313
0.007633587786259542
-0.061068702290076333
0.12213740458015267
-0.08396946564885496
-0.19083969465648856
-1.9312977099236641
1.9312977099236641
0.12213740458015267
-0.10687022900763359
0.16793893129770993
0.13740458015267176
0.0
0.16793893129770993
0.16793893129770993
0.3969465648854962
0.19083969465648856
0.08396946564885496
0.183206106870229
0.13740458015267176
-0.03816793893129771
0.1450381679389313
0.16030534351145037
0.12213740458015267
0.09923664122137404
0.13740458015267176
0.015267175572519083
0.05343511450381679
0.061068702290076333
0.21374045801526717
0.08396946564885496
0.2366412213740458
0.0916030534351145
0.2748091603053435
0.08396946564885496
0.0916030534351145
0.12213740458015267
0.0916030534351145
0.06870229007633588
0.061068702290076333
0.16793893129770993
-1.9465648854961832
0.366412213740458
0.06870229007633588
0.061068702290076333
-0.07633587786259542
0.16793893129770993
0.26717557251908397
0.2900763358778626
0.06870229007633588
0.12213740458015267
-1.9541984732824427
0.22137404580152673
0.2595419847328244
-1.8091603053435115
0.19083969465648856
-1.900763358778626
0.3053435114503817
0.09923664122137404
0.1984732824427481
0.2595419847328244
0.20610687022900764
0.16793893129770993
0.2900763358778626
0.2824427480916031
1.9312977099236641
0.09923664122137404
0.03816793893129771
0.2595419847328244
0.1984732824427481
0.15267175572519084
0.19083969465648856
0.07633587786259542
0.17557251908396945
0.24427480916030533
0.10687022900763359
0.08396946564885496
